Level	AC	AC(N)	AC(H)	L-AC	L-AC(N)	L-AC(H)	TH	TH(N)	TH(H)	L-TH	L-TH(N)	L-TH(H)	HP	HP(N)	HP(H)	L-HP	L-HP(N)	L-HP(H)	DM	DM(N)	DM(H)	L-DM	L-DM(N)	L-DM(H)	XP	XP(N)	XP(H)	L-XP	L-XP(N)	L-XP(H)
0	1	1	1	1	1	1	1	1	1	1	1	1	1	1	1	1	1	1	1	1	1	1	1	1	1	1	1	1	1	1
1	6	92	147	5	69	88	8	108	216	5	32	43	7	107	830	7	42	166	2	3	4	2	2	2	30	78	117	30	78	117
2	12	102	162	10	76	97	12	126	254	8	37	50	9	113	852	9	45	170	3	4	6	3	3	3	40	104	156	40	104	156
3	18	112	177	16	84	106	18	144	292	12	43	58	12	120	875	12	48	175	3	4	6	3	3	3	50	131	197	50	131	197
4	24	122	192	21	91	115	26	162	330	18	48	66	15	125	897	15	50	179	4	5	7	4	4	4	60	156	234	60	156	234
5	30	133	207	27	99	124	35	180	368	24	54	73	17	132	920	17	52	184	4	5	7	4	4	4	70	182	273	70	182	273
6	36	143	222	32	107	133	45	198	406	31	59	81	20	139	942	20	55	188	5	7	9	5	5	5	80	207	311	80	207	311
7	42	153	236	37	114	141	56	216	444	39	64	88	23	145	965	23	58	193	5	7	9	5	5	5	90	234	351	90	234	351
8	48	163	252	43	122	151	67	234	482	46	70	96	27	152	987	27	60	197	6	8	11	6	6	6	100	260	390	100	260	390
9	54	173	267	48	129	160	78	252	520	54	75	104	31	157	1010	31	62	202	7	9	13	7	7	7	110	285	428	110	285	428
10	60	184	281	54	138	168	89	270	558	62	81	111	35	164	1032	35	65	206	7	9	13	7	7	7	120	312	468	120	312	468
11	66	194	297	59	145	178	100	288	596	70	86	119	36	171	1055	36	68	211	8	11	15	8	8	9	130	338	507	130	338	507
12	72	204	311	64	153	186	111	306	634	77	91	126	40	177	1077	40	70	215	8	11	15	8	8	9	140	363	545	140	363	545
13	78	214	326	70	160	195	122	324	672	85	97	134	44	184	1100	44	73	220	9	12	17	9	9	10	154	401	602	154	401	602
14	84	224	342	75	168	205	133	342	710	93	102	142	48	189	1122	48	75	224	10	13	19	10	10	11	169	440	660	169	440	660
15	90	235	356	81	176	213	144	360	748	100	108	149	52	196	1145	52	78	229	10	13	19	10	10	11	186	482	723	186	482	723
16	96	245	371	86	183	222	155	378	786	108	113	157	56	203	1167	56	81	233	11	15	20	11	12	12	205	533	800	205	533	800
17	102	255	386	91	191	231	166	396	824	116	118	164	60	209	1190	60	83	238	11	15	20	11	12	12	225	584	876	225	584	876
18	108	265	401	97	198	240	177	414	862	123	124	172	64	216	1212	64	86	242	12	16	22	12	12	13	248	644	966	248	644	966
19	114	275	417	102	206	250	188	432	900	131	129	180	68	221	1235	68	88	247	13	17	24	13	13	14	273	708	1062	273	708	1062
20	120	286	431	108	214	258	199	450	938	139	135	187	73	228	1257	73	91	251	13	17	24	13	13	14	300	779	1169	300	779	1169
21	126	296	446	113	222	267	210	468	976	147	140	195	78	236	1280	78	94	256	14	19	26	14	15	15	330	857	1286	330	857	1286
22	132	306	461	118	229	276	221	486	1014	154	145	202	84	243	1302	84	97	260	14	19	26	14	15	15	363	942	1413	363	942	1413
23	138	316	476	124	237	285	232	504	1052	162	151	210	89	248	1325	89	99	265	15	20	28	15	16	16	399	1035	1553	399	1035	1553
24	144	326	491	129	244	294	243	522	1090	170	156	218	94	255	1347	94	102	269	16	21	30	16	16	18	439	1139	1709	439	1139	1709
25	150	337	506	135	252	303	254	540	1128	177	162	225	100	261	1370	100	104	274	16	21	30	16	16	18	470	1220	1830	470	1220	1830
26	156	347	521	140	260	312	265	558	1166	185	167	233	106	268	1392	106	107	278	17	23	31	17	18	18	503	1305	1958	503	1305	1958
27	162	357	536	145	267	321	276	576	1204	193	172	240	113	275	1415	113	110	283	17	23	31	17	18	18	538	1397	2096	538	1397	2096
28	168	367	551	151	275	330	287	594	1242	200	178	248	120	280	1437	120	112	287	18	24	33	18	19	19	576	1494	2241	576	1494	2241
29	174	377	566	156	282	339	298	612	1280	208	183	256	126	287	1460	126	114	292	19	25	35	19	20	21	616	1598	2397	616	1598	2397
30	180	388	581	162	291	348	309	630	1318	216	189	263	134	320	1482	134	128	296	19	25	35	19	20	21	659	1709	2564	659	1709	2564
31	186	398	596	167	298	357	320	648	1356	224	194	271	142	355	1505	142	142	301	20	27	37	20	21	22	706	1832	2748	706	1832	2748
32	192	408	610	172	306	366	331	666	1394	231	199	278	150	388	1527	150	155	305	20	27	37	20	21	22	755	1958	2937	755	1958	2937
33	198	418	626	178	313	375	342	684	1432	239	205	286	158	423	1550	158	169	310	21	28	39	21	22	23	808	2097	3146	808	2097	3146
34	204	428	641	183	321	384	353	702	1470	247	210	294	166	456	1572	166	182	314	22	29	41	22	23	24	864	2241	3362	864	2241	3362
35	210	439	655	189	329	393	364	720	1508	254	216	301	174	491	1595	174	196	319	22	29	41	22	23	24	925	2399	3599	925	2399	3599
36	216	449	671	194	336	402	375	738	1546	262	221	309	182	525	1617	182	210	323	23	31	43	23	24	25	990	2568	3852	990	2568	3852
37	222	459	685	199	344	411	386	756	1584	270	226	316	190	559	1640	190	223	328	23	31	43	23	24	25	1059	2745	4118	1059	2745	4118
38	228	469	700	205	351	420	397	774	1622	277	232	324	198	593	1662	198	237	332	24	32	44	24	25	26	1133	2939	4409	1133	2939	4409
39	234	479	716	210	359	429	408	792	1660	285	237	332	206	627	1685	206	250	337	25	33	46	25	26	27	1212	3144	4716	1212	3144	4716
40	240	490	730	216	367	438	419	810	1698	293	243	339	215	661	1707	215	264	341	25	33	46	25	26	27	1297	3365	5048	1297	3365	5048
41	246	500	745	221	375	447	430	828	1736	301	248	347	225	696	1730	225	278	346	26	35	48	26	28	28	1388	3600	5400	1388	3600	5400
42	252	510	760	226	382	456	441	846	1774	308	253	354	234	729	1752	234	291	350	26	35	48	26	28	28	1485	3852	5778	1485	3852	5778
43	258	520	775	232	390	465	452	864	1812	316	259	362	243	764	1775	243	305	355	27	36	50	27	28	30	1589	4121	6182	1589	4121	6182
44	264	530	791	237	397	474	463	882	1850	324	264	370	253	797	1797	253	318	359	28	37	52	28	29	31	1693	4409	6614	1693	4409	6614
45	270	541	805	243	405	483	474	900	1888	331	270	377	262	832	1820	262	332	364	28	37	52	28	29	31	1797	4718	7077	1797	4718	7077
46	276	551	820	248	413	492	485	918	1926	339	275	385	271	867	1842	271	346	368	29	39	54	29	31	32	1901	5051	7577	1901	5051	7577
47	282	561	835	253	420	501	496	936	1964	347	280	392	281	900	1865	281	360	373	29	39	54	29	31	32	2005	5402	8103	2005	5402	8103
48	288	571	850	259	428	510	507	954	2002	354	286	400	290	935	1887	290	374	377	30	40	56	30	32	33	2109	5783	8675	2109	5783	8675
49	294	581	865	264	435	519	518	972	2040	362	291	408	299	968	1910	299	387	382	31	41	57	31	32	34	2213	6186	9279	2213	6186	9279
50	300	592	880	270	444	528	529	990	2078	370	297	415	310	1003	1932	310	401	386	31	41	57	31	32	34	2317	6618	9927	2317	6618	9927
51	306	602	895	275	451	537	540	1008	2116	378	302	423	321	1037	1955	321	414	391	32	43	59	32	34	35	2421	7080	10620	2421	7080	10620
52	312	612	910	280	459	546	551	1026	2154	385	307	430	331	1071	1977	331	428	395	32	43	59	32	34	35	2525	7506	11259	2525	7506	11259
53	318	622	925	286	466	555	562	1044	2192	393	313	438	342	1105	2000	342	442	400	33	44	61	33	35	36	2629	7956	11934	2629	7956	11934
54	324	632	940	291	474	564	573	1062	2230	401	318	446	352	1139	2030	352	455	406	34	45	63	34	36	37	2733	8435	12653	2733	8435	12653
55	330	643	955	297	482	573	584	1080	2268	408	324	453	363	1173	2075	363	469	415	34	45	63	34	36	37	2837	8942	13413	2837	8942	13413
56	336	653	970	302	489	582	595	1098	2306	416	329	461	374	1208	2135	374	483	427	35	47	65	35	37	39	2941	9477	14216	2941	9477	14216
57	342	663	984	307	497	590	606	1116	2344	424	334	468	384	1241	2222	384	496	444	35	47	65	35	37	39	3045	10044	15066	3045	10044	15066
58	348	673	1000	313	504	600	617	1134	2382	431	340	476	395	1276	2308	395	510	461	36	48	67	36	38	40	3149	10647	15971	3149	10647	15971
59	354	683	1015	318	512	609	628	1152	2420	439	345	484	406	1309	2394	406	523	478	37	49	68	37	39	40	3253	11286	16929	3253	11286	16929
60	360	694	1029	324	520	617	639	1170	2458	447	351	491	418	1344	2480	418	537	496	37	49	68	37	39	40	3357	11964	17946	3357	11964	17946
61	366	704	1045	329	528	627	650	1188	2496	455	356	499	430	1379	2567	430	551	513	38	51	70	38	40	42	3461	12680	19020	3461	12680	19020
62	372	714	1059	334	535	635	661	1206	2534	462	361	506	442	1412	2653	442	564	530	38	51	70	38	40	42	3565	13442	20163	3565	13442	20163
63	378	724	1074	340	543	644	672	1224	2572	470	367	514	454	1447	2739	454	578	547	39	52	72	39	41	43	3669	14249	21374	3669	14249	21374
64	384	734	1090	345	550	654	683	1242	2610	478	372	522	466	1480	2825	466	592	565	39	52	72	39	41	43	3773	15104	22656	3773	15104	22656
65	390	745	1104	351	558	662	694	1260	2648	485	378	529	477	1515	2912	477	606	582	40	53	74	40	42	44	3877	16010	24015	3877	16010	24015
66	396	755	1119	356	566	671	705	1278	2686	493	383	537	489	1549	2998	489	619	599	41	55	76	41	44	45	3981	16916	25374	3981	16916	25374
67	402	765	1134	361	573	680	716	1296	2724	501	388	544	501	1583	3084	501	633	616	41	55	76	41	44	45	4085	17822	26733	4085	17822	26733
68	408	775	1149	367	581	689	727	1314	2762	508	394	552	513	1617	3170	513	646	634	42	56	78	42	44	46	4189	18728	28092	4189	18728	28092
69	414	785	1165	372	588	699	738	1332	2800	516	399	560	525	1651	3257	525	660	651	43	57	80	43	45	48	4293	19634	29451	4293	19634	29451
70	420	796	1179	378	597	707	749	1350	2838	524	405	567	539	1685	3343	539	674	668	43	57	80	43	45	48	4397	20540	30810	4397	20540	30810
71	426	806	1194	383	604	716	760	1368	2876	532	410	575	552	1720	3429	552	688	685	44	59	81	44	47	48	4501	21446	32169	4501	21446	32169
72	432	816	1209	388	612	725	771	1386	2914	539	415	582	565	1753	3515	565	701	703	44	59	81	44	47	48	4605	22352	33528	4605	22352	33528
73	438	826	1224	394	619	734	782	1404	2952	547	421	590	579	1788	3602	579	715	720	45	60	83	45	48	49	4709	23258	34887	4709	23258	34887
74	444	836	1239	399	627	743	793	1422	2990	555	426	598	592	1821	3688	592	728	737	46	61	85	46	48	51	4813	24164	36246	4813	24164	36246
75	450	847	1254	405	635	752	804	1440	3028	562	432	605	605	1856	3774	605	742	754	46	61	85	46	48	51	4917	25070	37605	4917	25070	37605
76	456	857	1269	410	642	761	815	1458	3066	570	437	613	618	1891	3860	618	756	772	47	63	87	47	50	52	5021	25976	38964	5021	25976	38964
77	462	867	1284	415	650	770	826	1476	3104	578	442	620	632	1924	3947	632	769	789	47	63	87	47	50	52	5125	26882	40323	5125	26882	40323
78	468	877	1299	421	657	779	837	1494	3142	585	448	628	645	1959	4033	645	783	806	48	64	89	48	51	53	5229	27788	41682	5229	27788	41682
79	474	887	1314	426	665	788	848	1512	3180	593	453	636	658	1992	4119	658	796	823	49	65	91	49	52	54	5333	28694	43041	5333	28694	43041
80	480	898	1329	432	673	797	859	1530	3218	601	459	643	673	2027	4205	673	810	841	49	65	91	49	52	54	5437	29600	44400	5437	29600	44400
81	486	908	1344	437	681	806	870	1548	3256	609	464	651	688	2061	4292	688	824	858	50	67	93	50	53	55	5541	30506	45759	5541	30506	45759
82	492	918	1358	442	688	814	881	1566	3294	616	469	658	702	2095	4378	702	838	875	50	67	93	50	53	55	5645	31412	47118	5645	31412	47118
83	498	928	1374	448	696	824	892	1584	3332	624	475	666	717	2129	4464	717	851	892	51	68	94	51	54	56	5749	32318	48477	5749	32318	48477
84	504	938	1389	453	703	833	903	1602	3370	632	480	674	732	2163	4550	732	865	910	51	68	94	51	54	56	5853	33224	49836	5853	33224	49836
85	510	949	1403	459	711	841	914	1620	3408	639	486	681	746	2197	4637	746	878	927	52	69	96	52	55	57	5957	34130	51195	5957	34130	51195
86	516	959	1419	464	719	851	925	1638	3446	647	491	689	761	2232	4723	761	892	944	53	70	98	53	56	58	6061	35036	52554	6061	35036	52554
87	522	969	1433	469	726	859	936	1656	3484	655	496	696	775	2265	4809	775	906	961	53	70	98	53	56	58	6165	35942	53913	6165	35942	53913
88	528	979	1448	475	734	868	947	1674	3522	662	502	704	790	2300	4895	790	920	979	54	72	100	54	57	60	6269	36848	55272	6269	36848	55272
89	534	989	1464	480	741	878	958	1692	3560	670	507	712	805	2333	4982	805	933	996	55	73	102	55	58	61	6373	37754	56631	6373	37754	56631
90	540	1000	1478	486	750	886	969	1710	3598	678	513	719	821	2368	5068	821	947	1013	55	73	102	55	58	61	6477	38660	57990	6477	38660	57990
91	546	1010	1493	491	757	895	980	1728	3636	686	518	727	837	2403	5154	837	961	1030	56	74	104	56	59	62	6581	39566	59349	6581	39566	59349
92	552	1020	1508	496	765	904	991	1746	3674	693	523	734	853	2436	5240	853	974	1048	56	74	104	56	59	62	6685	40472	60708	6685	40472	60708
93	558	1030	1523	502	772	913	1002	1764	3712	701	529	742	868	2471	5327	868	988	1065	57	76	105	57	60	63	6789	41378	62067	6789	41378	62067
94	564	1040	1539	507	780	923	1013	1782	3750	709	534	750	884	2504	5413	884	1001	1082	58	77	107	58	61	64	6893	42284	63426	6893	42284	63426
95	570	1051	1553	513	788	931	1024	1800	3788	716	540	757	900	2539	5499	900	1015	1099	58	77	107	58	61	64	6997	43190	64785	6997	43190	64785
96	576	1061	1568	518	795	940	1035	1818	3826	724	545	765	916	2573	5585	916	1029	1117	59	78	109	59	62	65	7101	44096	66144	7101	44096	66144
97	582	1071	1583	523	803	949	1046	1836	3864	732	550	772	932	2607	5672	932	1042	1134	59	78	109	59	62	65	7205	45002	67503	7205	45002	67503
98	588	1081	1598	529	810	958	1057	1854	3902	739	556	780	948	2641	5758	948	1056	1151	60	80	111	60	64	66	7309	45908	68862	7309	45908	68862
99	594	1091	1613	534	818	967	1068	1872	3940	747	561	788	964	2675	5844	964	1070	1168	60	80	111	60	64	66	7413	46814	70221	7413	46814	70221
100	600	1102	1628	540	826	976	1079	1890	3978	755	567	795	982	2709	5930	982	1083	1186	61	81	113	61	64	67	7517	47720	71580	7517	47720	71580
101	606	1112	1643	545	834	985	1090	1908	4016	763	572	803	999	2744	6017	999	1097	1203	62	82	115	62	65	69	7621	48626	72939	7621	48626	72939
102	612	1122	1658	550	841	994	1101	1926	4054	770	577	810	1016	2777	6103	1016	1110	1220	62	82	115	62	65	69	7725	49532	74298	7725	49532	74298
103	618	1132	1673	556	849	1003	1112	1944	4092	778	583	818	1033	2812	6189	1033	1124	1237	63	84	117	63	67	70	7829	50438	75657	7829	50438	75657
104	624	1142	1688	561	856	1012	1123	1962	4130	786	588	826	1051	2845	6275	1051	1138	1255	63	84	117	63	67	70	7933	51344	77016	7933	51344	77016
105	630	1153	1703	567	864	1021	1134	1980	4168	793	594	833	1068	2880	6362	1068	1152	1272	64	85	118	64	68	70	8037	52250	78375	8037	52250	78375
106	636	1163	1718	572	872	1030	1145	1998	4206	801	599	841	1085	2915	6448	1085	1166	1289	65	86	120	65	68	72	8141	53156	79734	8141	53156	79734
107	642	1173	1732	577	879	1039	1156	2016	4244	809	604	848	1103	2948	6534	1103	1179	1306	65	86	120	65	68	72	8245	54062	81093	8245	54062	81093
108	648	1183	1748	583	887	1048	1167	2034	4282	816	610	856	1120	2983	6620	1120	1193	1324	66	88	122	66	70	73	8349	54968	82452	8349	54968	82452
109	654	1193	1763	588	894	1057	1178	2052	4320	824	615	864	1137	3016	6707	1137	1206	1341	67	89	124	67	71	74	8453	55874	83811	8453	55874	83811
110	2100	2100	2100	1890	1575	1260	6532	6532	6532	4572	1959	1306	10000	10000	10000	10000	10000	10000	130	130	130	130	104	78	160000	160000	160000	160000	160000	160000
